# Single SKU Max Power Table
# |CCK 1~11 | |    OFDM 6 ~ 54      | |             HT20 MCS 0 ~ 15                 | |             HT40 MCS 0 ~ 15                 |
ch1 18 18 16 16 17 17 16 16 15 15 14 14 16 16 15 15 14 14 13 13 16 16 15 15 14 14 13 13
ch2 18 18 16 16 17 17 16 16 15 15 14 14 16 16 15 15 14 14 13 13 16 16 15 15 14 14 13 13
ch3 18 18 16 16 17 17 16 16 15 15 14 14 16 16 15 15 14 14 13 13 16 16 15 15 14 14 13 13 16 16 15 15 14 14 13 13 16 16 15 15 14 14 13 13
ch4 18 18 16 16 17 17 16 16 15 15 14 14 16 16 15 15 14 14 13 13 16 16 15 15 14 14 13 13 16 16 15 15 14 14 13 13 16 16 15 15 14 14 13 13
ch5 18 18 16 16 17 17 16 16 15 15 14 14 16 16 15 15 14 14 13 13 16 16 15 15 14 14 13 13 16 16 15 15 14 14 13 13 16 16 15 15 14 14 13 13
ch6 18 18 16 16 17 17 16 16 15 15 14 14 16 16 15 15 14 14 13 13 16 16 15 15 14 14 13 13 16 16 15 15 14 14 13 13 16 16 15 15 14 14 13 13
ch7 18 18 16 16 17 17 16 16 15 15 14 14 16 16 15 15 14 14 13 13 16 16 15 15 14 14 13 13 16 16 15 15 14 14 13 13 16 16 15 15 14 14 13 13
ch8 18 18 16 16 17 17 16 16 15 15 14 14 16 16 15 15 14 14 13 13 16 16 15 15 14 14 13 13 16 16 15 15 14 14 13 13 16 16 15 15 14 14 13 13
ch9 18 18 16 16 17 17 16 16 15 15 14 14 16 16 15 15 14 14 13 13 16 16 15 15 14 14 13 13 16 16 15 15 14 14 13 13 16 16 15 15 14 14 13 13
ch10 18 18 16 16 17 17 16 16 15 15 14 14 16 16 15 15 14 14 13 13 16 16 15 15 14 14 13 13
ch11 18 18 16 16 17 17 16 16 15 15 14 14 16 16 15 15 14 14 13 13 16 16 15 15 14 14 13 13
ch12
ch13
ch14

#   OFDM 6 ~ 54          | |         HT20 MCS 0 ~ 15                     | |                   HT40 MCS 0 ~ 15           | | VHT80 MCS 0 ~ 9             |
ch36 18 17 17 16 16 15 15 14 16 16 15 15 14 14 13 13 16 16 15 15 14 14 13 13 16 16 15 15 14 14 13 13 16 16 15 15 14 14 13 13 16 16 16 15 15 14 14 13 13 13
ch38 18 17 17 16 16 15 15 14 16 16 15 15 14 14 13 13 16 16 15 15 14 14 13 13 16 16 15 15 14 14 13 13 16 16 15 15 14 14 13 13 16 16 16 15 15 14 14 13 13 13
ch40 18 17 17 16 16 15 15 14 16 16 15 15 14 14 13 13 16 16 15 15 14 14 13 13 16 16 15 15 14 14 13 13 16 16 15 15 14 14 13 13 16 16 16 15 15 14 14 13 13 13
ch42 18 17 17 16 16 15 15 14 16 16 15 15 14 14 13 13 16 16 15 15 14 14 13 13 16 16 15 15 14 14 13 13 16 16 15 15 14 14 13 13 16 16 16 15 15 14 14 13 13 13
ch44 18 17 17 16 16 15 15 14 16 16 15 15 14 14 13 13 16 16 15 15 14 14 13 13 16 16 15 15 14 14 13 13 16 16 15 15 14 14 13 13 16 16 16 15 15 14 14 13 13 13
ch46 18 17 17 16 16 15 15 14 16 16 15 15 14 14 13 13 16 16 15 15 14 14 13 13 16 16 15 15 14 14 13 13 16 16 15 15 14 14 13 13 16 16 16 15 15 14 14 13 13 13
ch48 18 17 17 16 16 15 15 14 16 16 15 15 14 14 13 13 16 16 15 15 14 14 13 13 16 16 15 15 14 14 13 13 16 16 15 15 14 14 13 13 16 16 16 15 15 14 14 13 13 13
ch52 18 17 17 16 16 15 15 14 16 16 15 15 14 14 13 13 16 16 15 15 14 14 13 13 16 16 15 15 14 14 13 13 16 16 15 15 14 14 13 13 16 16 16 15 15 14 14 13 13 13
ch54 18 17 17 16 16 15 15 14 16 16 15 15 14 14 13 13 16 16 15 15 14 14 13 13 16 16 15 15 14 14 13 13 16 16 15 15 14 14 13 13 16 16 16 15 15 14 14 13 13 13
ch56 18 17 17 16 16 15 15 14 16 16 15 15 14 14 13 13 16 16 15 15 14 14 13 13 16 16 15 15 14 14 13 13 16 16 15 15 14 14 13 13 16 16 16 15 15 14 14 13 13 13
ch58 18 17 17 16 16 15 15 14 16 16 15 15 14 14 13 13 16 16 15 15 14 14 13 13 16 16 15 15 14 14 13 13 16 16 15 15 14 14 13 13 16 16 16 15 15 14 14 13 13 13
ch60 18 17 17 16 16 15 15 14 16 16 15 15 14 14 13 13 16 16 15 15 14 14 13 13 16 16 15 15 14 14 13 13 16 16 15 15 14 14 13 13 16 16 16 15 15 14 14 13 13 13
ch62 18 17 17 16 16 15 15 14 16 16 15 15 14 14 13 13 16 16 15 15 14 14 13 13 16 16 15 15 14 14 13 13 16 16 15 15 14 14 13 13 16 16 16 15 15 14 14 13 13 13
ch64 18 17 17 16 16 15 15 14 16 16 15 15 14 14 13 13 16 16 15 15 14 14 13 13 16 16 15 15 14 14 13 13 16 16 15 15 14 14 13 13 16 16 16 15 15 14 14 13 13 13
ch100 18 17 17 16 16 15 15 14 16 16 15 15 14 14 13 13 16 16 15 15 14 14 13 13 16 16 15 15 14 14 13 13 16 16 15 15 14 14 13 13 16 16 16 15 15 14 14 13 13 13
ch102 18 17 17 16 16 15 15 14 16 16 15 15 14 14 13 13 16 16 15 15 14 14 13 13 16 16 15 15 14 14 13 13 16 16 15 15 14 14 13 13 16 16 16 15 15 14 14 13 13 13
ch104 18 17 17 16 16 15 15 14 16 16 15 15 14 14 13 13 16 16 15 15 14 14 13 13 16 16 15 15 14 14 13 13 16 16 15 15 14 14 13 13 16 16 16 15 15 14 14 13 13 13
ch106 18 17 17 16 16 15 15 14 16 16 15 15 14 14 13 13 16 16 15 15 14 14 13 13 16 16 15 15 14 14 13 13 16 16 15 15 14 14 13 13 16 16 16 15 15 14 14 13 13 13
ch108 18 17 17 16 16 15 15 14 16 16 15 15 14 14 13 13 16 16 15 15 14 14 13 13 16 16 15 15 14 14 13 13 16 16 15 15 14 14 13 13 16 16 16 15 15 14 14 13 13 13
ch110 18 17 17 16 16 15 15 14 16 16 15 15 14 14 13 13 16 16 15 15 14 14 13 13 16 16 15 15 14 14 13 13 16 16 15 15 14 14 13 13 16 16 16 15 15 14 14 13 13 13
ch112 18 17 17 16 16 15 15 14 16 16 15 15 14 14 13 13 16 16 15 15 14 14 13 13 16 16 15 15 14 14 13 13 16 16 15 15 14 14 13 13 16 16 16 15 15 14 14 13 13 13
ch116 18 17 17 16 16 15 15 14 16 16 15 15 14 14 13 13 16 16 15 15 14 14 13 13 16 16 15 15 14 14 13 13 16 16 15 15 14 14 13 13 16 16 16 15 15 14 14 13 13 13
ch118 18 17 17 16 16 15 15 14 16 16 15 15 14 14 13 13 16 16 15 15 14 14 13 13 16 16 15 15 14 14 13 13 16 16 15 15 14 14 13 13 16 16 16 15 15 14 14 13 13 13
ch120 18 17 17 16 16 15 15 14 16 16 15 15 14 14 13 13 16 16 15 15 14 14 13 13 16 16 15 15 14 14 13 13 16 16 15 15 14 14 13 13 16 16 16 15 15 14 14 13 13 13
ch122 18 17 17 16 16 15 15 14 16 16 15 15 14 14 13 13 16 16 15 15 14 14 13 13 16 16 15 15 14 14 13 13 16 16 15 15 14 14 13 13 16 16 16 15 15 14 14 13 13 13
ch124 18 17 17 16 16 15 15 14 16 16 15 15 14 14 13 13 16 16 15 15 14 14 13 13 16 16 15 15 14 14 13 13 16 16 15 15 14 14 13 13 16 16 16 15 15 14 14 13 13 13
ch126 18 17 17 16 16 15 15 14 16 16 15 15 14 14 13 13 16 16 15 15 14 14 13 13 16 16 15 15 14 14 13 13 16 16 15 15 14 14 13 13 16 16 16 15 15 14 14 13 13 13
ch128 18 17 17 16 16 15 15 14 16 16 15 15 14 14 13 13 16 16 15 15 14 14 13 13 16 16 15 15 14 14 13 13 16 16 15 15 14 14 13 13 16 16 16 15 15 14 14 13 13 13
ch132 18 17 17 16 16 15 15 14 16 16 15 15 14 14 13 13 16 16 15 15 14 14 13 13 16 16 15 15 14 14 13 13 16 16 15 15 14 14 13 13 16 16 16 15 15 14 14 13 13 13
ch134 18 17 17 16 16 15 15 14 16 16 15 15 14 14 13 13 16 16 15 15 14 14 13 13 16 16 15 15 14 14 13 13 16 16 15 15 14 14 13 13 16 16 16 15 15 14 14 13 13 13
ch136 18 17 17 16 16 15 15 14 16 16 15 15 14 14 13 13 16 16 15 15 14 14 13 13 16 16 15 15 14 14 13 13 16 16 15 15 14 14 13 13 16 16 16 15 15 14 14 13 13 13
ch140 18 17 17 16 16 15 15 14 16 16 15 15 14 14 13 13 16 16 15 15 14 14 13 13 16 16 15 15 14 14 13 13 16 16 15 15 14 14 13 13 16 16 16 15 15 14 14 13 13 13
ch149 18 17 17 16 16 15 15 14 16 16 15 15 14 14 13 13 16 16 15 15 14 14 13 13 16 16 15 15 14 14 13 13 16 16 15 15 14 14 13 13 16 16 16 15 15 14 14 13 13 13
ch151 18 17 17 16 16 15 15 14 16 16 15 15 14 14 13 13 16 16 15 15 14 14 13 13 16 16 15 15 14 14 13 13 16 16 15 15 14 14 13 13 16 16 16 15 15 14 14 13 13 13
ch153 18 17 17 16 16 15 15 14 16 16 15 15 14 14 13 13 16 16 15 15 14 14 13 13 16 16 15 15 14 14 13 13 16 16 15 15 14 14 13 13 16 16 16 15 15 14 14 13 13 13
ch155 18 17 17 16 16 15 15 14 16 16 15 15 14 14 13 13 16 16 15 15 14 14 13 13 16 16 15 15 14 14 13 13 16 16 15 15 14 14 13 13 16 16 16 15 15 14 14 13 13 13
ch157 18 17 17 16 16 15 15 14 16 16 15 15 14 14 13 13 16 16 15 15 14 14 13 13 16 16 15 15 14 14 13 13 16 16 15 15 14 14 13 13 16 16 16 15 15 14 14 13 13 13
ch159 18 17 17 16 16 15 15 14 16 16 15 15 14 14 13 13 16 16 15 15 14 14 13 13 16 16 15 15 14 14 13 13 16 16 15 15 14 14 13 13 16 16 16 15 15 14 14 13 13 13
ch161 18 17 17 16 16 15 15 14 16 16 15 15 14 14 13 13 16 16 15 15 14 14 13 13 16 16 15 15 14 14 13 13 16 16 15 15 14 14 13 13 16 16 16 15 15 14 14 13 13 13
ch165 18 17 17 16 16 15 15 14 16 16 15 15 14 14 13 13 16 16 15 15 14 14 13 13 16 16 15 15 14 14 13 13 16 16 15 15 14 14 13 13 16 16 16 15 15 14 14 13 13 13
ch169 18 17 17 16 16 15 15 14 16 16 15 15 14 14 13 13 16 16 15 15 14 14 13 13 16 16 15 15 14 14 13 13 16 16 15 15 14 14 13 13 16 16 16 15 15 14 14 13 13 13
ch173 18 17 17 16 16 15 15 14 16 16 15 15 14 14 13 13 16 16 15 15 14 14 13 13 16 16 15 15 14 14 13 13 16 16 15 15 14 14 13 13 16 16 16 15 15 14 14 13 13 13
# End of Sing SKU Table
